#Star    V      err     Mv      err     B-V     err    V-Ic    err     Ks       err    V-Ks    err
13806	 8.915	0.007	5.856	0.026	0.856	0.003	0.871	0.016	6.905	0.022	2.010	0.023
13834	 5.800	0.010	3.222	0.019	0.410	0.003	0.468	0.011	4.778	0.020	1.022	0.022
13976	 7.970	0.010	6.131	0.019	0.926	0.015	99999	.9999	5.841	0.024	2.129	0.026
14976	 8.162	0.010	5.156	0.025	0.732	0.017	99999	.9999	6.557	0.027	1.605	0.029
15563	 9.650	0.010	7.187	0.028	1.130	0.015	99999	.9999	6.881	0.022	2.769	0.024
15720	11.030	0.010	8.488	0.044	1.431	0.004	99999	.9999	7.415	0.022	3.615	0.024
16529	 8.890	0.010	5.765	0.032	0.845	0.002	0.856	0.016	6.907	0.016	1.983	0.019
17766	10.850	0.010	8.033	0.048	1.340	0.006	1.558	0.016	7.509	0.016	3.341	0.019
18170	 5.970	0.010	2.843	0.030	0.341	0.004	0.389	0.016	5.091	0.018	0.879	0.021
18322	10.120	0.010	6.779	0.053	1.070	0.008	1.124	0.020	7.574	0.021	2.546	0.023
18327	 8.987	0.010	5.927	0.037	0.895	0.002	0.899	0.011	6.910	0.021	2.077	0.023
19082	11.415	0.007	8.007	0.071	1.348	0.004	1.577	0.020	8.107	0.026	3.308	0.027
19098	 9.310	0.015	6.032	0.044	0.893	0.005	0.896	0.016	7.254	0.022	2.056	0.027
19148	 7.850	0.006	4.449	0.036	0.591	0.003	0.607	0.016	6.446	0.024	1.404	0.025
19207	10.485	0.007	7.163	0.051	1.180	0.008	1.268	0.020	7.665	0.021	2.820	0.022
19263	 9.940	0.010	6.628	0.044	1.005	0.012	99999	.9999	7.511	0.026	2.429	0.028
19316	11.277	0.006	7.871	0.074	1.328	0.003	1.558	0.016	8.046	0.027	3.231	0.028
19441	10.100	0.010	7.361	0.045	1.198	0.006	1.278	0.016	7.264	0.020	2.836	0.022
19781	 8.460	0.007	4.947	0.046	0.696	0.004	0.720	0.011	6.805	0.009	1.655	0.012
19786	 8.060	0.007	4.735	0.046	0.640	0.002	0.677	0.011	6.535	0.009	1.525	0.012
19789	 7.057	0.006	3.283	0.037	0.420	0.003	0.451	0.016	6.005	0.021	1.052	0.022
19793	 8.067	0.020	4.820	0.039	0.658	0.003	0.692	0.011	6.516	0.020	1.551	0.028
19796	 7.130	0.010	3.846	0.038	0.512	0.003	0.560	0.016	5.862	0.017	1.268	0.020
19808	10.725	0.050	7.424	0.085	1.205	0.005	1.288	0.011	7.680	0.009	3.045	0.050
19834	11.557	0.015	8.197	0.115	1.373	0.006	1.630	0.011	8.141	0.009	3.416	0.018
19877	 6.321	0.007	2.987	0.033	0.399	0.004	0.459	0.016	5.340	0.009	0.981	0.011
19934	 9.147	0.006	5.625	0.043	0.814	0.002	0.825	0.011	7.275	0.022	1.872	0.023
20130	 8.625	0.007	5.323	0.045	0.743	0.003	0.762	0.016	6.921	0.016	1.704	0.017
20146	 8.464	0.015	5.138	0.045	0.717	0.004	0.749	0.011	6.793	0.009	1.671	0.018
20219	 5.591	0.007	2.331	0.035	0.279	0.003	0.338	0.011	4.861	0.009	0.730	0.011
20237	 7.467	0.006	4.200	0.034	0.566	0.004	0.622	0.016	6.124	0.018	1.343	0.019
20261	 5.266	0.007	1.879	0.037	0.223	0.003	0.272	0.011	4.689	0.016	0.577	0.017
20349	 6.801	0.006	3.329	0.039	0.436	0.004	0.513	0.016	5.762	0.020	1.039	0.021
20350	 6.807	0.006	3.457	0.035	0.441	0.004	0.498	0.016	5.746	0.016	1.061	0.017
20357	 6.611	0.006	3.160	0.038	0.406	0.004	0.475	0.016	5.610	0.009	1.000	0.011
20480	 8.854	0.010	5.338	0.048	0.758	0.002	0.786	0.016	7.121	0.016	1.733	0.019
20485	10.499	0.020	7.485	0.072	1.237	0.003	1.368	0.011	7.481	0.009	3.018	0.022
20491	 7.185	0.007	3.541	0.042	0.452	0.003	0.521	0.016	6.092	0.016	1.093	0.017
20492	 9.117	0.006	5.731	0.054	0.865	0.003	0.871	0.011	7.153	0.009	1.964	0.011
20527	10.901	0.020	7.673	0.075	1.288	0.002	1.465	0.009	7.755	0.009	3.146	0.022
20542	 4.800	0.010	1.526	0.038	0.156	0.003	0.179	0.016	4.400	0.010	0.400	0.014
20557	 7.141	0.006	4.010	0.037	0.521	0.004	0.576	0.016	5.871	0.020	1.270	0.021
20563	 9.995	0.005	6.740	0.064	1.058	0.003	1.101	0.011	7.525	0.009	2.470	0.011
20567	 6.971	0.006	3.461	0.047	0.443	0.004	0.517	0.016	5.880	0.009	1.090	0.011
20635	 4.220	0.010	0.846	0.034	0.137	0.003	0.163	0.011	4.077	0.470	0.404	0.470
20641	 5.281	0.007	2.048	0.033	0.248	0.003	0.311	0.016	4.607	0.016	0.674	0.017
20741	 8.120	0.007	4.850	0.046	0.659	0.003	0.694	0.011	6.554	0.010	1.566	0.012
20762	10.475	0.007	7.118	0.062	1.146	0.002	1.230	0.016	7.743	0.010	2.732	0.013
20815	 7.421	0.006	4.054	0.039	0.536	0.004	0.584	0.011	6.129	0.010	1.292	0.012
20826	 7.507	0.010	4.252	0.042	0.556	0.003	0.607	0.016	6.158	0.017	1.349	0.020
20827	 9.502	0.015	6.063	0.060	0.931	0.003	0.959	0.016	7.346	0.010	2.156	0.018
20842	 5.720	0.010	2.251	0.039	0.271	0.004	0.303	0.016	5.055	0.018	0.665	0.021
20894	 3.410	0.010	0.146	0.036	0.179	0.003	0.210	0.011	2.896	0.011	0.514	0.015
20899	 7.847	0.010	4.521	0.041	0.609	0.003	0.626	0.011	6.398	0.010	1.449	0.014
20948	 6.914	0.010	3.609	0.042	0.451	0.002	0.516	0.009	5.791	0.010	1.123	0.014
20949	 9.206	0.030	5.394	0.057	0.764	0.002	0.768	0.011	7.462	0.029	1.744	0.042
20951	 8.955	0.007	5.697	0.055	0.831	0.002	0.827	0.009	7.056	0.010	1.899	0.012
20978	 9.090	0.030	5.807	0.051	0.854	0.003	0.879	0.016	7.120	0.010	1.970	0.032
21029	 4.786	0.007	1.484	0.034	0.171	0.002	0.187	0.016	4.366	0.011	0.420	0.013
21036	 5.406	0.007	2.159	0.036	0.262	0.003	0.311	0.016	4.732	0.009	0.674	0.012
21066	 7.045	0.007	3.746	0.040	0.465	0.004	0.529	0.016	5.893	0.020	1.152	0.021
21099	 8.590	0.010	5.276	0.048	0.742	0.004	0.747	0.016	6.884	0.022	1.706	0.024
21112	 7.775	0.007	4.238	0.049	0.539	0.004	0.591	0.016	6.464	0.010	1.311	0.012
21138	11.055	0.015	7.678	0.121	1.293	0.003	1.471	0.016	7.895	0.024	3.160	0.028
21152	 6.391	0.010	3.280	0.038	0.413	0.004	0.490	0.016	5.333	0.021	1.058	0.023
21256	10.687	0.015	7.515	0.060	1.236	0.004	1.362	0.016	7.686	0.026	3.001	0.030
21261	10.737	0.015	7.410	0.070	1.198	0.003	1.317	0.016	7.820	0.022	2.917	0.027
21267	 6.620	0.010	3.319	0.044	0.431	0.004	0.482	0.016	5.558	0.022	1.062	0.024
21317	 7.920	0.010	4.633	0.046	0.635	0.004	0.638	0.016	6.454	0.010	1.466	0.014
21637	 7.527	0.010	4.364	0.036	0.576	0.003	0.607	0.016	6.162	0.022	1.365	0.024
21723	10.043	0.015	6.847	0.066	1.072	0.004	1.136	0.016	7.480	0.022	2.563	0.027
21741	 9.397	0.007	5.495	0.058	0.812	0.002	0.816	0.011	7.565	0.020	1.832	0.021
22044	 5.401	0.007	2.184	0.045	0.251	0.002	0.296	0.016	4.733	0.020	0.668	0.021
22177	10.910	0.010	7.623	0.091	1.276	0.004	1.404	0.020	7.826	0.020	3.084	0.022
22253	10.687	0.006	6.999	0.066	1.112	0.003	1.184	0.016	7.995	0.033	2.692	0.034
22380	 8.990	0.010	5.592	0.062	0.828	0.002	0.846	0.011	7.059	0.026	1.931	0.028
22422	 7.737	0.010	4.327	0.048	0.580	0.003	0.607	0.016	6.355	0.016	1.382	0.019
22566	 7.895	0.007	3.975	0.059	0.526	0.003	0.568	0.016	6.671	0.021	1.224	0.022
22654	10.290	0.010	6.704	0.081	1.070	0.008	1.114	0.020	7.742	0.020	2.548	0.022
22850	 6.371	0.007	2.378	0.056	0.291	0.004	0.350	0.016	5.623	0.018	0.748	0.019
23069	 8.890	0.007	5.175	0.073	0.737	0.002	0.724	0.016	7.235	0.017	1.655	0.018
23214	 6.755	0.007	3.593	0.039	0.450	0.004	0.498	0.016	5.645	0.016	1.110	0.017
23312	 9.722	0.010	6.159	0.074	0.957	0.047	99999	.9999	7.589	0.026	2.133	0.028
23497	 4.640	0.010	1.041	0.045	0.150	0.003	0.195	0.016	4.245	0.021	0.395	0.023
23750	 8.820	0.010	5.197	0.061	0.730	0.015	99999	.9999	7.128	0.017	1.692	0.020
24116	 7.852	0.010	3.314	0.084	0.445	0.015	99999	.9999	6.821	0.017	1.031	0.020
24923	 9.042	0.010	5.292	0.088	0.765	0.029	99999	.9999	7.302	0.021	1.740	0.023
26382	 5.541	0.006	2.014	0.072	0.222	0.004	0.257	0.016	4.935	0.025	0.606	0.026
28356	 7.780	0.010	3.422	0.204	0.461	0.015	99999	.9999	6.685	0.020	1.095	0.022
