#HIPID	ASASID	RA	DEC	plx	e_plc	pmRA	e_pmRA	pmDE	e_pmDE	Jmag	e_Jmag	Hmag	e_Hmag	Kmag	e_Kmag	Vmag	BVmag	e_bv_arr
20719	042625+1651.2	66.60227019	16.8533651	22.21	1.06	104.6	1.06	-17.77	0.78	6.841	0.052	6.556	0.033	6.436	0.027	8.04	0.651	0.004
20741	042640+1644.8	66.66689146	16.7469664	21.73	1.23	110.81	1.25	-27.39	0.93	6.893	0.023	6.643	0.036	6.547	0.021	8.1	0.664	0.008
20577	042428+1653.2	66.11773861	16.8862263	20.81	1.03	110.32	1.28	-24.5	0.92	6.655	0.027	6.397	0.02	6.29	0.016	7.79	0.599	0.015
20567	042422+1704.7	66.09255097	17.0790194	18.69	0.84	97.01	1.07	-27.54	0.64	6.059	0.019	5.935	0.018	5.892	0.018	6.96	0.45	0.018
20484	0	65.85415961	16.77732704	20.04	0.48	104.56	0.68	-28.28	0.48	5.04	0.02	5.009	0.023	4.945	0.021	5.64	0.31	0.006
20542	0	66.02372383	17.44421156	20.21	0.4	108.16	0.6	-34.66	0.4	4.561	0.268	4.513	0.21	4.414	0.02	4.8	0.154	0.007
20899	042848+1717.1	67.20096662	17.28553738	21.51	0.86	106.53	1.0	-30.62	0.72	6.696	0.024	6.462	0.026	6.404	0.02	7.83	0.609	0.01
20661	0	66.40522314	15.94108025	21.2	0.92	104.06	1.17	-27.71	0.79	5.524	0.024	5.285	0.024	5.254	0.023	6.44	0.509	0.005
20455	0	65.73344726	17.54258445	20.96	0.58	106.56	0.81	-29.18	0.53	2.094	0.248	1.579	0.198	1.643	0.228	3.77	0.983	0.01
20978	042958+1640.4	67.49026215	16.67290919	24.5	1.33	105.41	1.51	-28.89	1.05	7.619	0.024	7.211	0.027	7.139	0.024	9.08	0.865	0.013
20935	042921+1732.7	67.33537106	17.5450121	23.21	0.68	105.49	0.79	-31.21	0.59	6.027	0.026	5.774	0.04	5.724	0.02	7.02	0.526	0.009
20916	042900+1609.5	67.24882274	16.15915397	20.65	0.79	88.76	1.04	-23.56	0.63	5.527	0.026	5.305	0.044	5.22	0.02	6.59	0.536	0.011
20648	0	66.37215595	17.92798892	21.96	0.51	107.6	0.74	-34.54	0.59	4.338	0.316	4.381	0.238	4.098	0.029	4.3	0.049	0.007
20605	042448+1552.5	66.19996737	15.874781	21.98	5.36	97.33	6.93	-30.8	5.94	8.716	0.02	8.065	0.018	7.852	0.02	11.66	1.408	0.013
20679	042548+1801.0	66.44787706	18.01735913	20.79	1.63	111.24	2.31	-35.76	1.91	7.314	0.02	6.901	0.015	6.767	0.021	8.99	0.935	0.005
20885	0	67.14346811	15.9622172	21.13	0.27	104.97	0.35	-15.14	0.21	2.142	0.23	1.754	0.19	1.644	0.218	3.84	0.952	0.004
20563	042417+1800.2	66.07029915	18.00299487	19.31	1.93	110.57	2.78	-35.23	2.16	8.154	0.018	7.636	0.023	7.524	0.018	9.99	1.05	0.011
20894	0	67.16531227	15.87094681	21.69	0.46	108.42	0.62	-26.74	0.37	2.994	0.206	2.997	0.212	2.88	0.264	3.4	0.179	0.004
20948	042930+1751.8	67.37619047	17.86324257	21.55	0.81	106.06	0.89	-32.83	0.65	6.045	0.029	5.887	0.033	5.809	0.023	6.9	0.451	0.002
20713	0	66.58613202	15.61834634	20.37	0.6	114.31	0.72	-32.19	0.51	4.167	0.252	3.954	0.236	4.028	0.236	4.48	0.262	0.011
20485	042325+1545.8	65.85501978	15.76318729	21.26	2.75	124.45	3.06	-30.45	2.57	8.193	0.023	7.647	0.04	7.494	0.018	10.47	1.231	0.009
21029	0	67.63987122	16.19407539	23.15	0.31	104.56	0.32	-25.9	0.22	4.773	0.224	4.677	0.2	4.364	0.036	4.78	0.17	0.001
20951	042932+1753.6	67.38141845	17.89326317	23.86	1.69	108.25	1.89	-32.12	1.31	7.524	0.024	7.149	0.023	7.055	0.027	8.95	0.831	0.003
20815	042737+1535.2	66.89928105	15.58924932	21.27	0.86	102.94	1.06	-24.48	0.76	6.375	0.018	6.174	0.026	6.141	0.024	7.41	0.537	0.015
21053	043047+1608.9	67.69473549	16.14875135	24.09	0.4	97.69	0.54	-22.65	0.36	5.627	0.023	5.448	0.026	5.383	0.018	6.5	0.428	0.002
20215	041955+1631.4	64.97826895	16.52267744	21.49	0.8	119.4	1.01	-35.48	0.9	5.82	0.018	5.588	0.021	5.542	0.02	6.85	0.509	0.015
21123	043137+1742.6	67.90432466	17.70985255	22.76	1.21	106.04	1.44	-30.16	0.97	7.726	0.02	7.293	0.031	7.17	0.02	9.53	0.987	0.023
20995	0	67.53555307	15.63789832	21.82	0.79	107.32	0.82	-24.52	0.58	4.853	0.037	5.031	0.28	4.69	0.018	5.58	0.324	0.011
21039	0	67.66177754	15.69193816	22.26	0.49	103.97	0.64	-24.84	0.37	5.458	0.242	4.967	0.036	4.903	0.023	5.47	0.258	0.003
21137	0	67.96538731	15.85163843	22.14	0.58	106.35	0.51	-32.44	0.39	5.306	0.019	5.227	0.024	5.146	0.016	6.01	0.338	0.012
20146	041908+1731.5	64.78307839	17.52482165	21.55	0.9	113.6	1.04	-29.4	0.8	7.134	0.023	6.872	0.02	6.787	0.016	8.47	0.721	0.016
20350	042132+1825.0	65.38416805	18.41765944	20.06	0.59	110.29	0.73	-32.28	0.62	5.944	0.021	5.794	0.016	5.746	0.016	6.8	0.441	0.014
20086	041822+1725.3	64.59133017	17.42173974	19.43	2.03	121.18	2.09	-40.7	1.67	7.84	0.021	7.3	0.024	7.162	0.017	10.01	1.097	0.009
20205	0	64.94805797	15.6277001	20.19	0.32	115.46	0.42	-23.42	0.32	1.963	0.246	1.496	0.21	1.518	0.204	3.65	0.981	0.012
20686	042552+1851.8	66.46524921	18.86414734	22.58	0.9	109.25	1.34	-35.99	1.1	6.269	0.018	5.976	0.024	5.893	0.017	8.07	0.68	0.01
21138	043153+1530.3	67.96836909	15.49954066	19.12	5.45	97.84	5.41	-24.7	3.72	8.667	0.023	8.034	0.016	7.895	0.024	11.02	1.28	0.014
20019	041739+1656.9	64.4119693	16.94791079	21.84	1.13	112.53	1.19	-21.35	0.86	6.865	0.02	6.486	0.016	6.397	0.018	8.32	0.756	0.004
20440	042245+1503.3	65.68376526	15.05614002	22.92	1.11	112.02	1.11	-20.83	0.86	5.869	0.018	5.64	0.023	5.558	0.018	6.97	0.518	0.015
20082	041819+1605.6	64.57999812	16.08838856	18.9	1.8	119.66	2.27	-19.23	1.87	7.88	0.023	7.423	0.023	7.322	0.017	9.57	0.98	0.005
20614	0	66.23774881	19.04209239	19.79	0.42	109.7	0.57	-34.5	0.44	5.168	0.037	5.044	0.021	4.984	0.016	5.97	0.378	0.014
20553	042412+1445.5	66.05165825	14.75828863	22.77	1.04	97.74	1.24	-33.95	0.8	6.357	0.018	6.105	0.017	6.007	0.017	7.58	0.604	0.015
20261	0	65.15102026	15.09550354	21.3	0.39	108.58	0.47	-21.46	0.41	4.75	0.048	4.973	0.282	4.689	0.016	5.26	0.225	0.008
20873	0	67.09723562	14.74102616	17.37	1.5	109.51	1.74	-20.48	1.26	5.209	0.026	5.114	0.026	5.027	0.023	5.9	0.325	0.013
20255	0	65.10431585	18.74272555	20.7	0.45	118.91	0.59	-48.36	0.46	5.343	0.018	5.209	0.023	5.16	0.016	6.11	0.404	0.006
20492	042332+1440.2	65.88444742	14.67052205	21.53	1.75	105.54	2.04	-18.56	1.46	7.611	0.018	7.255	0.02	7.145	0.017	9.11	0.855	0.018
20056	041802+1815.4	64.50736638	18.25688086	21.53	0.79	115.28	0.89	-31.08	0.62	6.279	0.018	6.032	0.016	5.95	0.017	7.53	0.681	0.0
20889	0	67.15388847	19.18052103	22.24	0.25	106.19	0.38	-37.84	0.3	1.748	0.284	1.314	0.226	1.422	0.254	3.53	1.014	0.006
21317	043435+1530.3	68.64686944	15.50468779	22.0	1.05	100.03	1.35	-28.35	0.89	6.745	0.018	6.552	0.031	6.445	0.026	7.9	0.631	0.014
20827	042747+1425.0	66.94572819	14.41779704	19.0	1.92	102.22	1.86	-19.95	1.41	7.894	0.03	7.456	0.023	7.348	0.02	9.48	0.929	0.005
21280	043359+1509.8	68.49365152	15.16370324	23.95	1.84	102.0	3.07	-34.83	1.45	6.989	0.026	6.576	0.024	6.465	0.024	8.48	0.84	0.01
20357	042135+1424.6	65.3947172	14.40983557	19.09	0.61	104.43	0.65	-19.65	0.54	5.784	0.023	5.666	0.033	5.595	0.018	6.6	0.412	0.014
20237	042013+1914.0	65.05373265	19.23356264	23.19	0.66	115.68	0.77	-34.43	0.63	6.395	0.018	6.184	0.026	6.124	0.018	7.46	0.56	0.014
21474	043641+1552.2	69.16943694	15.86938434	21.9	0.52	95.17	0.68	-22.57	0.48	5.779	0.02	5.609	0.018	5.556	0.021	6.64	0.442	0.018
19862	041534+1542.4	63.89006181	15.70632338	26.97	2.88	121.32	3.17	-21.97	2.53	8.558	0.026	7.982	0.021	7.853	0.023	10.96	1.29	0.015
21273	0	68.4618969	14.84448748	20.61	0.57	103.2	1.0	-26.48	0.49	4.311	0.262	4.288	0.228	4.074	0.036	4.65	0.255	0.007
21261	043342+1900.9	68.42443931	19.01411638	20.89	2.27	103.55	2.71	-34.94	1.84	8.535	0.021	7.977	0.02	7.82	0.023	10.74	1.197	0.004
20482	042323+1939.5	65.84495367	19.65875558	16.5	1.32	99.41	1.71	-33.75	1.42	7.722	0.024	7.281	0.021	7.151	0.02	9.39	0.908	0.003
19877	0	63.9425602	15.40074857	22.02	0.47	115.76	0.58	-21.72	0.46	5.514	0.034	5.401	0.024	5.326	0.016	6.31	0.4	0.015
20527	042354+1403.1	65.97642875	14.05214976	21.22	3.11	114.14	3.38	-15.61	2.43	8.506	0.023	7.925	0.021	7.786	0.021	10.89	1.288	0.002
20890	042837+1944.4	67.15480243	19.7407821	21.15	0.77	98.33	1.05	-41.82	0.84	7.292	0.023	6.996	0.016	6.908	0.016	8.62	0.741	0.014
20400	0	65.51437386	14.07725046	22.53	0.55	113.18	0.57	-21.93	0.48	5.052	0.023	5.016	0.021	4.96	0.017	5.72	0.315	0.008
21588	0	69.53906597	16.03338797	20.07	1.68	110.0	2.14	-40.94	1.48	5.398	0.364	4.995	0.016	4.977	0.018	5.78	0.312	0.005
20850	042804+1352.0	67.01821634	13.86798485	21.86	1.72	106.7	1.84	-17.78	1.27	7.506	0.027	7.142	0.044	7.003	0.021	9.02	0.839	0.007
21008	043018+1950.4	67.57463631	19.84064462	21.23	0.61	94.99	0.78	-28.13	0.56	6.105	0.024	5.89	0.033	5.843	0.023	7.09	0.47	0.015
20219	0	64.9901455	14.03524961	21.88	0.36	114.13	0.42	-20.45	0.37	5.002	0.037	4.927	0.047	4.853	0.015	5.58	0.283	0.008
21112	043129+1354.2	67.87204939	13.90351708	19.1	0.76	91.34	1.04	-20.13	0.77	6.733	0.02	6.572	0.051	6.455	0.021	7.78	0.54	0.019
20284	0	65.2194064	13.86447076	21.09	0.51	104.25	0.6	-18.07	0.49	5.286	0.027	5.155	0.024	5.062	0.018	6.15	0.456	0.011
21543	043732+1508.8	69.38303822	15.14649796	20.0	1.59	95.83	1.82	-19.09	1.31	6.365	0.021	6.099	0.017	5.992	0.021	7.53	0.597	0.012
21683	0	69.81854939	15.91802401	20.97	0.27	83.17	0.35	-20.97	0.24	4.682	0.294	4.547	0.222	4.229	0.036	4.67	0.147	0.008
21036	0	67.65541034	13.72445024	22.12	0.35	107.25	0.44	-18.94	0.29	5.221	0.312	4.834	0.036	4.748	0.017	5.4	0.263	0.007
20130	041858+1954.4	64.74126917	19.90678998	23.27	1.31	114.61	1.63	-36.41	1.15	7.286	0.02	7.0	0.018	6.921	0.016	8.62	0.745	0.005
21099	043116+2008.0	67.81511738	20.13326459	21.81	1.33	98.74	2.27	-44.79	1.54	7.259	0.02	6.965	0.063	6.884	0.023	8.59	0.734	0.014
21762	044025+1630.8	70.10589111	16.51373363	22.15	2.17	87.06	2.83	-31.16	2.21	7.358	0.026	6.809	0.021	6.685	0.023	9.47	1.096	0.006
19781	041426+1437.5	63.60660999	14.62508283	21.62	1.1	106.63	1.23	-19.8	0.88	7.216	0.029	6.916	0.024	6.825	0.017	8.45	0.693	0.011
19834	041510+1423.9	63.79308237	14.39849956	27.31	3.16	119.68	4.21	-15.19	3.51	8.947	0.026	8.294	0.021	8.128	0.017	11.56	1.363	0.01
20762	042654+1308.3	66.72616514	13.13821634	22.73	2.58	105.71	2.73	-17.34	2.04	8.432	0.041	7.917	0.029	7.795	0.031	10.48	1.146	0.001
20901	0	67.20875437	13.04763905	20.47	0.28	105.57	0.35	-15.0	0.24	4.793	0.198	4.656	0.204	4.534	0.033	5.02	0.215	0.003
19504	041043+1825.4	62.67620065	18.42332929	22.62	0.52	123.32	0.54	-31.39	0.35	5.795	0.02	5.625	0.02	5.572	0.021	6.61	0.427	0.009
21179	043226+1306.8	68.10663105	13.11327741	17.75	2.62	104.36	3.43	-19.28	2.65	8.423	0.026	7.791	0.033	7.654	0.02	11.0	1.194	0.006
21267	043347+1315.1	68.44408524	13.25192688	22.39	0.56	102.85	0.74	-17.82	0.52	5.759	0.02	5.612	0.018	5.558	0.023	6.62	0.429	0.012
21654	043857+1406.3	69.73855133	14.10563195	21.52	0.97	103.26	1.07	-22.62	0.83	6.814	0.037	6.52	0.029	6.443	0.021	7.96	0.655	0.009
20745	042643+1241.2	66.67812114	12.68661851	29.09	2.68	123.38	3.3	-16.36	2.16	7.824	0.018	7.209	0.023	7.03	0.024	10.5	1.358	0.002
20349	042132+2102.4	65.38159798	21.03996466	19.14	0.51	105.51	0.64	-35.54	0.5	5.97	0.02	5.786	0.016	5.762	0.02	6.79	0.434	0.015
19263	040743+1631.1	61.92968543	16.51885069	19.67	1.87	123.87	1.91	-25.56	1.4	8.105	0.024	7.599	0.042	7.511	0.026	9.94	1.005	0.012
20480	042322+2122.7	65.84278224	21.3791903	19.88	1.14	99.26	1.31	-38.26	0.96	7.531	0.019	7.197	0.017	7.121	0.016	8.84	0.758	0.003
20187	041937+1237.4	64.90322138	12.62436861	19.36	2.05	165.99	2.17	-18.35	1.81	8.11	0.02	7.656	0.02	7.564	0.023	9.81	0.924	0.009
20712	042618+2128.2	66.57680601	21.47052261	20.23	0.95	102.32	1.58	-38.42	0.96	6.342	0.019	6.15	0.026	6.073	0.021	7.36	0.557	0.013
19870	041542+2049.2	63.92653514	20.81988314	19.23	0.82	110.26	0.92	-36.43	0.61	6.537	0.027	6.257	0.017	6.19	0.017	7.83	0.705	0.003
21256	043337+2109.1	68.40463654	21.15096334	26.74	1.78	108.93	2.07	-45.21	1.54	8.427	0.023	7.835	0.02	7.686	0.026	10.69	1.237	0.005
19808	041452+1303.3	63.71610254	13.054999	26.69	2.7	112.82	4.2	-18.61	3.83	8.445	0.029	7.828	0.017	7.688	0.017	10.69	1.204	0.008
19261	0	61.92460911	15.16284297	22.92	0.72	127.76	0.74	-23.85	0.59	5.244	8.888	5.055	0.031	5.03	0.026	6.02	0.397	0.004
20842	0	67.00300695	21.62000581	21.22	0.41	97.93	0.52	-41.7	0.42	5.163	0.017	5.103	0.017	5.055	0.018	5.72	0.27	0.015
19207	040701+1520.1	61.75479285	15.33507779	24.19	2.11	126.05	2.01	-20.7	1.44	8.365	0.026	7.811	0.049	7.665	0.026	10.49	1.18	0.015
20557	042415+2144.2	66.06041679	21.7363572	22.59	0.77	118.22	1.09	-46.27	0.65	6.148	0.023	5.946	0.026	5.871	0.02	7.13	0.518	0.014
19148	040616+1541.9	61.56689869	15.69816788	21.77	1.3	118.45	1.07	-20.7	0.78	6.753	0.024	6.532	0.036	6.446	0.024	7.85	0.593	0.005
19098	040540+1756.2	61.41498437	17.93777801	18.54	1.12	126.06	1.38	-28.07	0.96	7.748	0.03	7.365	0.038	7.254	0.023	9.31	0.89	0.008
20087	0	64.59642306	21.57937937	18.5	0.5	94.87	0.48	-34.89	0.4	5.058	0.037	4.936	0.059	4.903	0.02	5.64	0.277	0.004
22224	044649+1744.9	71.7058134	17.74840601	24.09	1.72	98.1	2.2	-32.77	1.72	7.798	0.037	7.298	0.018	7.171	0.024	9.6	0.967	0.005
22203	044630+1528.3	71.62639088	15.4721101	21.08	0.86	86.93	1.24	-23.85	0.91	7.098	0.026	6.843	0.02	6.738	0.033	8.3	0.665	0.006
20826	042746+1144.2	66.94170449	11.73644952	21.53	0.84	110.38	1.13	-11.1	0.71	6.424	0.018	6.222	0.029	6.158	0.017	7.49	0.56	0.007
19786	041427+1226.1	63.61327478	12.43534644	23.29	1.25	116.4	1.27	-11.76	1.16	6.856	0.019	6.607	0.021	6.534	0.017	8.05	0.64	0.001
21589	0	69.53917405	12.51087417	21.24	0.56	102.4	0.7	-15.78	0.54	4.117	0.258	4.078	0.228	4.105	0.334	4.27	0.122	0.005
20641	0	66.35393597	22.20011252	22.03	0.35	111.97	0.46	-47.71	0.34	5.086	0.25	4.921	0.23	4.607	0.016	5.27	0.25	0.01
22265	044738+1815.5	71.90633862	18.25881543	19.13	1.28	80.96	1.73	-36.65	1.45	7.217	0.019	6.901	0.024	6.837	0.018	8.54	0.72	0.002
21723	043951+1243.7	69.96212978	12.72851747	23.33	1.7	102.79	2.28	-17.85	1.7	8.089	0.021	7.602	0.023	7.48	0.023	10.04	1.073	0.005
20635	0	66.3420783	22.29398101	21.19	0.21	105.1	0.28	-45.04	0.19	4.093	0.284	4.064	0.228	4.077	0.47	4.21	0.136	0.004
19934	041633+2154.4	64.13921594	21.90756098	19.07	1.07	105.16	1.27	-37.14	1.12	7.701	0.02	7.376	0.018	7.275	0.023	9.14	0.813	0.002
19082	040526+1926.5	61.35664605	19.44223118	15.76	4.15	122.62	4.55	-28.43	2.99	8.889	0.032	8.259	0.027	8.107	0.026	11.41	1.347	0.005
21475	043641+1154.7	69.17164108	11.91243328	18.5	1.57	165.0	1.89	-28.51	1.4	8.413	0.034	7.935	0.036	7.875	0.021	9.94	0.852	0.056
20419	042226+1118.3	65.60675534	11.30573007	18.96	2.24	113.13	2.54	-7.82	1.78	7.62	0.024	7.135	0.033	6.948	0.018	9.79	1.183	0.005
22422	044932+1553.3	72.38363482	15.88880506	20.47	0.72	86.17	0.81	-24.49	0.62	6.642	0.021	6.433	0.021	6.355	0.016	7.72	0.578	0.009
22380	044904+1838.5	72.26446042	18.64133784	22.28	1.53	82.99	1.64	-39.66	1.53	7.486	0.024	7.141	0.024	7.059	0.026	8.98	0.833	0.003
22496	045024+1712.2	72.5994489	17.20273714	20.05	1.67	98.75	1.73	-30.45	1.13	6.002	0.018	5.725	0.023	5.666	0.02	7.1	0.563	0.008
18946	040339+1927.3	60.91235341	19.45509401	23.27	2.42	119.02	2.8	-35.43	2.21	8.206	0.02	7.709	0.024	7.6	0.02	10.12	1.07	0.015
20711	0	66.57664507	22.81369389	21.21	0.25	108.81	0.3	-46.8	0.25	3.859	0.25	3.793	0.232	3.761	0.348	4.28	0.263	0.006
22524	045049+1612.6	72.70205495	16.21051478	19.38	0.62	82.2	0.68	-26.64	0.43	6.321	0.029	6.146	0.02	6.061	0.016	7.29	0.536	0.011
20751	042648+1052.3	66.7008005	10.87110917	24.11	1.59	113.02	1.74	-14.78	1.2	7.528	0.039	6.968	0.033	6.882	0.02	9.45	1.033	0.005
19981	041707+2240.4	64.27832759	22.67341974	29.08	1.6	118.03	1.74	-42.67	1.16	7.52	0.023	7.004	0.038	6.84	0.027	9.77	1.23	0.015
18735	0	60.20285807	18.19406873	23.31	0.27	129.15	0.34	-28.79	0.28	5.236	0.019	5.077	0.031	5.047	0.016	5.89	0.319	0.005
19789	041430+2227.1	63.62650069	22.45194735	17.2	0.56	96.23	0.52	-33.7	0.43	6.207	0.019	6.082	0.023	6.005	0.021	7.05	0.424	0.006
22505	045034+1505.0	72.64067886	15.08350369	23.69	0.87	90.21	1.02	-20.56	0.72	6.439	0.027	6.133	0.033	6.044	0.02	7.73	0.74	0.014
21066	043057+1045.1	67.73795996	10.75179351	22.37	0.59	103.13	0.78	-9.57	0.44	6.139	0.034	5.944	0.029	5.893	0.02	7.03	0.472	0.013
22566	045123+1526.0	72.84656295	15.43350899	17.46	0.85	68.02	0.89	-17.1	0.65	6.93	0.032	6.686	0.017	6.671	0.021	7.9	0.527	0.008
19316	040827+1211.5	62.1108174	12.19187216	25.93	2.34	115.99	2.61	-12.97	2.24	8.818	0.029	8.171	0.042	8.046	0.027	11.28	1.327	0.004
22565	0	72.84338913	18.83994061	19.51	0.71	78.72	0.7	-34.25	0.52	4.972	0.264	4.566	0.036	4.492	0.016	5.08	0.214	0.007
22654	045225+1859.9	73.09784421	18.99699322	21.55	2.16	76.07	2.46	-31.76	1.48	8.375	0.027	7.885	0.027	7.742	0.02	10.29	1.07	0.015
19796	041434+1042.1	63.6427915	10.70140013	22.2	0.51	118.64	0.66	-7.88	0.62	6.128	0.019	5.915	0.021	5.862	0.017	7.11	0.514	0.008
22350	044842+2106.1	72.17530725	21.10110182	19.41	2.61	99.16	3.62	-31.08	2.79	7.522	0.023	7.153	0.021	7.072	0.018	9.06	0.843	0.005
21459	0	69.12111479	23.34098572	21.04	0.38	111.39	0.48	-52.44	0.34	5.205	0.037	5.062	0.015	4.985	0.02	6.01	0.384	0.015
21637	043851+2309.0	69.71343841	23.15010498	22.46	0.72	103.95	0.81	-56.07	0.58	6.454	0.021	6.198	0.016	6.162	0.023	7.51	0.576	0.009
22607	0	72.95801749	13.65519421	24.56	1.0	105.85	1.12	-17.23	0.63	5.235	0.029	5.03	0.018	4.941	0.015	6.3	0.501	0.007
19793	041431+2334.3	63.63432618	23.57506213	21.08	0.93	122.53	1.01	-48.73	0.79	6.877	0.026	6.599	0.02	6.516	0.02	8.05	0.657	0.007
21741	044006+2318.3	70.02414724	23.3046399	15.95	1.42	73.12	1.52	-40.3	0.99	7.996	0.02	7.631	0.016	7.565	0.02	9.4	0.811	0.0
22044	0	71.10737309	11.14616946	21.82	0.3	98.77	0.42	-15.51	0.31	4.962	0.248	4.732	0.027	4.733	0.02	5.39	0.25	0.001
22850	0	73.743011	19.48545705	15.54	0.49	62.88	0.52	-28.76	0.36	5.736	0.026	5.658	0.017	5.623	0.018	6.36	0.292	0.012
18327	035506+1659.9	58.7767141	16.99853738	23.86	1.19	148.4	1.35	-24.86	0.97	7.413	0.02	7.038	0.027	6.91	0.021	8.99	0.895	0.001
19591	041156+2338.2	62.98389192	23.63645965	26.22	1.73	137.71	1.92	-56.36	1.41	7.148	0.03	6.563	0.016	6.409	0.024	9.38	1.09	0.015
20491	042330+2424.3	65.87642011	24.40551165	19.64	0.6	93.62	0.79	-44.54	0.62	6.285	0.021	6.141	0.016	6.092	0.016	7.18	0.462	0.009
21788	044049+2348.6	70.20428379	23.80974221	18.08	1.27	60.95	1.55	-50.42	0.88	7.601	0.024	7.3	0.023	7.231	0.024	8.84	0.688	0.001
18170	0	58.29149333	17.32715593	24.2	0.37	143.76	0.45	-29.75	0.39	5.254	0.026	5.161	0.042	5.091	0.018	5.97	0.354	0.017
22253	044726+2303.1	71.85890865	23.05102272	15.89	2.32	81.08	2.37	-41.33	1.5	8.69	0.039	8.134	0.026	7.995	0.033	10.69	1.112	0.004
19757	041408+0924.4	63.53352905	9.40672589	18.73	4.19	107.1	4.02	-9.2	3.36	8.92	0.029	8.304	0.031	8.221	0.034	11.09	1.21	0.02
23214	045944+1555.0	74.93445975	15.91680469	24.5	0.41	85.86	0.4	-29.78	0.24	5.856	0.024	5.694	0.033	5.645	0.016	6.75	0.45	0.015
23069	045750+1400.1	74.45609855	14.00223346	19.22	1.39	70.47	1.32	-17.96	0.98	7.569	0.019	7.268	0.055	7.235	0.017	8.89	0.737	0.001
22550	045114+1104.0	72.8020062	11.06804681	21.33	0.96	87.47	1.41	-9.41	0.91	5.71	0.03	5.523	0.036	5.436	0.016	6.79	0.543	0.013
17962	035025+1714.8	57.60370501	17.24656273	22.69	1.51	129.76	1.42	-23.07	1.14	7.776	0.023	7.401	0.059	7.249	0.023	9.46	0.85	0.01
19441	040949+0918.3	62.45524035	9.30550495	32.27	1.84	154.13	2.21	-3.32	1.92	7.912	0.019	7.34	0.023	7.264	0.02	10.1	1.192	0.011
18322	035501+1229.1	58.75567882	12.48561136	25.62	1.82	127.38	2.15	-11.75	1.51	8.181	0.021	7.692	0.024	7.574	0.021	10.12	1.07	0.015
20626	042511+2545.0	66.29494595	25.74923968	15.59	0.95	57.21	0.97	-25.9	0.86	6.934	0.018	6.745	0.016	6.672	0.021	7.86	0.448	0.02
18658	0	59.91839558	10.33041045	24.98	1.21	140.62	1.27	-6.48	0.92	5.565	0.018	5.391	0.029	5.323	0.016	6.35	0.417	0.012
20895	042839+2613.1	67.16575429	26.22016704	27.0	2.79	75.3	3.35	-35.17	1.9	8.366	0.021	7.681	0.024	7.559	0.027	10.92	1.389	0.006
22221	044646+0901.0	71.68968169	9.01746125	25.13	0.86	86.14	1.05	-15.31	0.67	6.15	0.018	5.878	0.029	5.841	0.02	7.24	0.56	0.004
23498	050308+1343.8	75.78174163	13.73071399	17.37	1.65	66.45	1.42	-17.9	0.93	7.629	0.032	7.303	0.018	7.226	0.027	9.0	0.765	0.002
21670	0	69.77542914	7.87098782	20.34	0.35	94.33	0.48	-2.28	0.38	5.18	0.254	4.928	0.029	4.808	0.02	5.38	0.257	0.009
22394	044913+2448.1	72.30388138	24.8029688	20.11	1.6	84.45	1.69	-52.41	1.19	7.582	0.027	7.12	0.038	6.956	0.038	9.51	1.052	0.004
23750	050618+1749.0	76.57479025	17.81649198	19.8	1.38	63.5	1.19	-32.45	0.71	7.514	0.018	7.216	0.046	7.128	0.017	8.82	0.73	0.015
20949	042931+2640.3	67.37796576	26.67166649	16.45	1.31	80.95	1.54	-48.31	1.11	7.844	0.021	7.534	0.027	7.462	0.029	9.19	0.766	0.002
23497	0	75.77376682	21.59006167	18.88	0.3	68.88	0.27	-41.06	0.15	4.333	0.32	4.375	0.208	4.245	0.021	4.62	0.155	0.005
17928	035004+2235.5	57.51401483	22.59178987	24.89	0.75	156.86	0.88	-60.62	0.73	6.297	0.024	6.088	0.024	6.036	0.02	7.29	0.538	0.015
22271	044742+2609.0	71.92386088	26.1504322	22.52	2.44	111.49	2.61	-82.99	1.92	8.43	0.018	7.877	0.023	7.717	0.027	10.61	1.174	0.005
18018	035103+2354.2	57.76257394	23.90376788	28.27	2.57	148.0	2.75	-48.5	2.44	8.106	0.023	7.54	0.017	7.395	0.02	10.17	1.16	0.04
16908	033735+2120.6	54.39535525	21.34324066	25.18	1.47	144.52	1.73	-26.02	1.44	7.645	0.024	7.274	0.067	7.121	0.02	9.35	0.917	0.001
23983	0	77.33168484	9.82959763	18.28	0.36	65.41	0.35	-7.69	0.2	4.965	0.026	4.929	0.023	4.861	0.023	5.43	0.249	0.01
16529	033250+2341.5	53.20823143	23.6922828	22.81	0.99	161.09	1.32	-41.13	1.15	7.374	0.021	7.018	0.017	6.907	0.016	8.88	0.844	0.0
24019	0	77.43773058	28.03060827	19.01	1.34	55.5	1.55	-58.91	0.67	5.545	0.019	5.484	0.02	5.427	0.016	5.93	0.311	0.005
14838	0	47.90695681	19.72669782	19.22	0.19	153.33	0.19	-8.28	0.15	2.775	0.274	2.303	0.18	2.169	0.248	4.35	1.033	0.005
20218	041957-0426.4	64.98796884	-4.43867357	26.24	0.75	-59.64	0.97	-35.47	0.97	6.652	0.019	6.329	0.031	6.282	0.02	7.84	0.673	0.008
13600	025516+1753.5	43.81754915	17.89174243	20.27	1.08	119.43	1.54	-13.53	0.91	7.561	0.023	7.215	0.04	7.179	0.024	8.83	0.704	0.023
14232	0	45.87547157	28.26995606	21.75	0.47	66.12	0.45	-21.23	0.37	5.716	0.021	5.647	0.047	5.546	0.017	6.38	0.306	0.007
16517	0	53.16592625	35.65943528	20.19	0.7	132.52	0.81	-58.34	0.75	6.354	0.018	6.147	0.018	6.109	0.021	7.29	0.503	0.019
